1.506616703281098715e-06 6.374573193415471759e-06 1.874076845236426875e-05 4.414064760435295693e-05 8.819435411043707515e-05 1.540786935320533307e-04 2.396519186691504490e-04 3.356059646108898583e-04 4.260174788451760730e-04 4.918528219638266261e-04 5.166160614596173586e-04 4.920887530282674633e-04 4.217263383579391406e-04 3.200813382110734057e-04 2.083033967703647876e-04 1.074933752684845362e-04 3.258142311221477142e-05 -1.097701337836717368e-05 -2.678999637247134262e-05 -2.416150581628129346e-05 -1.361817960069880728e-05 -3.270317147550728009e-06 2.837813620262124114e-06 4.351176371529573357e-06 3.015875755646352668e-06 9.478997792959679265e-07 -4.756799100457194764e-07 -8.883037457046200929e-07 -6.110365285197547715e-07 -1.524078953042084025e-07 1.450130960646643816e-07 2.017184647347410970e-07 1.120240003019872282e-07 4.311670816461349250e-09 -4.880495477393652962e-08 -4.420658670780714800e-08 -1.487956316014540539e-08 8.220748552087226207e-09 1.404695073602683000e-08 8.070401651084002280e-09 2.568255775054515109e-10 -3.645100955928138803e-09 -3.849052500810649026e-09 -2.600831794122972901e-09
6.374573193415471759e-06 2.697509534634548879e-05 7.931652044304308351e-05 1.868445487740019370e-04 3.733785638566398208e-04 6.524088180812262884e-04 1.014913528832231144e-03 1.421515494263150738e-03 1.804791002906284839e-03 2.084093834608668171e-03 2.189472637075281884e-03 2.086001035755616871e-03 1.788201860115402626e-03 1.357646704948873911e-03 8.839232414047237937e-04 4.564844081602548913e-04 1.386884912925759143e-04 -4.623972950774955305e-05 -1.135063125696933342e-04 -1.025020414553660518e-04 -5.784757563048759517e-05 -1.395461747036460558e-05 1.199019884357294000e-05 1.844842580076872882e-05 1.280745690760898646e-05 4.039707067418528252e-06 -2.006299143103774798e-06 -3.766158225685316162e-06 -2.595722753769283197e-06 -6.509937888517063567e-07 6.127957112954819254e-07 8.557234443351174036e-07 4.763836641912916293e-07 1.932671112816584116e-08 -2.066902264824256621e-07 -1.877342567580051334e-07 -6.346778391379944906e-08 3.467732075624863378e-08 5.959543946470929018e-08 3.434064956367929710e-08 1.173728605412295902e-09 -1.545008375105858151e-08 -1.637096046935552634e-08 -1.108430330698988720e-08
1.874076845236426875e-05 7.931652044304308351e-05 2.332542437604650869e-04 5.495569080354388136e-04 1.098371795939500836e-03 1.919505506502760693e-03 2.986554319413425602e-03 4.183769488211204479e-03 5.312777993618819465e-03 6.136146435115736285e-03 6.447757082604629875e-03 6.144470117687198495e-03 5.268690592330243366e-03 4.001431032752218210e-03 2.606377498569689439e-03 1.347034175060530733e-03 4.102310219372624412e-04 -1.353270324927391313e-04 -3.341653804537768097e-04 -3.021644876496333500e-04 -1.707499252713712279e-04 -4.137789485198413870e-05 3.519968556667350535e-05 5.435131105460757641e-05 3.779373703241526469e-05 1.196348775048421118e-05 -5.879316887283062037e-06 -1.109514242225667281e-05 -7.662283019450783118e-06 -1.932277570088602890e-06 1.799258996179464672e-06 2.522445002527945644e-06 1.407718892577226920e-06 6.006851845166883650e-08 -6.082246262877303441e-07 -5.539958746039349936e-07 -1.881215669616167148e-07 1.016315457003108633e-07 1.756888960517222925e-07 1.015400239665413142e-07 3.711868223549712687e-09 -4.550359992420631388e-08 -4.838469575673877007e-08 -3.282650048181047170e-08
4.414064760435295693e-05 1.868445487740019370e-04 5.495569080354388136e-04 1.294980570269225984e-03 2.588623287205878403e-03 4.524593537628579173e-03 7.040989246329877604e-03 9.865226318193221280e-03 1.252970669627975070e-02 1.447438311344198189e-02 1.521266306015690156e-02 1.450051690437552387e-02 1.243712287343681430e-02 9.448814871992106817e-03 6.157390183622193404e-03 3.184732621869909314e-03 9.722352688890035155e-04 -3.172561616482516143e-04 -7.881816309082094593e-04 -7.136549581345783856e-04 -4.038116608302939827e-04 -9.830647508271061553e-05 8.278377345074901445e-05 1.282889784719635844e-04 8.935472063677248988e-05 2.838737149761761210e-05 -1.380158337204392496e-05 -2.618755115671623587e-05 -1.812176979702594663e-05 -4.595448595835399232e-06 4.232193000248681168e-06 5.957196061096109770e-06 3.332911637036782896e-06 1.493150081933397303e-07 -1.433918607757341046e-06 -1.309812781908647424e-06 -4.467722933758792110e-07 2.386057949796672753e-07 4.149611774544209333e-07 2.405569366131738548e-07 9.372600913364448572e-09 -1.073703075336299129e-07 -1.145753366157138674e-07 -7.789324211689912206e-08
8.819435411043707515e-05 3.733785638566398208e-04 1.098371795939500836e-03 2.588623287205878403e-03 5.175410744407747329e-03 9.047482969543076819e-03 1.408174562910707341e-02 1.973365484625047919e-02 2.506819205040838883e-02 2.896470392013263812e-02 3.044867966178901181e-02 2.903028774939107187e-02 2.490625640890917897e-02 1.892838975745051236e-02 1.234054714272345317e-02 6.387815187113200614e-03 1.954865839967618972e-03 -6.308358804881477244e-04 -1.577077634099848880e-03 -1.429908788611871035e-03 -8.101846311688699160e-04 -1.981579806261625954e-04 1.651497077133601244e-04 2.568841025787276054e-04 1.792252381192618903e-04 5.714814372069449360e-05 -2.748080778960862170e-05 -5.243537949090326937e-05 -3.636046828279193533e-05 -9.272702438506174097e-06 8.444295130513270308e-06 1.193534601995947918e-05 6.694627410366883363e-06 3.144273667966367282e-07 -2.867733446367116862e-06 -2.627210315898328266e-06 -9.002186433761670650e-07 4.751499153328550159e-07 8.314644077477935685e-07 4.835011652712664298e-07 2.002114089261532324e-08 -2.149241899496795729e-07 -2.301811822794516145e-07 -1.568137438960045389e-07
1.540786935320533307e-04 6.524088180812262884e-04 1.919505506502760693e-03 4.524593537628579173e-03 9.047482969543076819e-03 1.581921305056789226e-02 2.462579073920580230e-02 3.451603788800091527e-02 4.385511138218067123e-02 5.068220728182206564e-02 5.329071788147903693e-02 5.082084044707963627e-02 4.361368671432937216e-02 3.315733901264109745e-02 2.162753417772886669e-02 1.120405076900560931e-02 3.437394010370661661e-03 -1.096574992214780506e-03 -2.759269316145846005e-03 -2.505297597497940093e-03 -1.421461055342897097e-03 -3.493223029337761006e-04 2.880586270186253879e-04 4.497879599338714274e-04 3.143569965212417833e-04 1.006133100932169941e-04 -4.783737303720532241e-05 -9.180693091538401232e-05 -6.379752793137885591e-05 -1.636351433441375592e-05 1.473099546245028856e-05 2.091012152849077013e-05 1.175940694922304677e-05 5.783670838877029861e-07 -5.014847374954890674e-06 -4.608097130958200458e-06 -1.586326720386972194e-06 8.272110564462958095e-07 1.456829004019831096e-06 8.498441464946147747e-07 3.731540063419493078e-08 -3.761856175935130924e-07 -4.043952615185677147e-07 -2.760860105624799690e-07
2.396519186691504490e-04 1.014913528832231144e-03 2.986554319413425602e-03 7.040989246329877604e-03 1.408174562910707341e-02 2.462579073920580230e-02 3.834198580103944515e-02 5.375114188372585866e-02 6.830830759319890533e-02 7.895887992913544484e-02 8.304182341395993650e-02 7.921329147062669551e-02 6.799968434314448973e-02 5.171545346938500459e-02 3.374899817773060334e-02 1.749806398524107395e-02 5.382258445262793657e-03 -1.696658433481391167e-03 -4.298238507475527978e-03 -3.908289852315672587e-03 -2.220656717072332174e-03 -5.483898946056367865e-04 4.472859537463417341e-04 7.012043515214252259e-04 4.909510152700770824e-04 1.577410247400723832e-04 -7.412520934165747928e-05 -1.431170307266301216e-04 -9.967208091107935403e-05 -2.571606874571002427e-05 2.287719020120064647e-05 3.261757615700595111e-05 1.839305436273213840e-05 9.465756379020559945e-07 -7.807653859649834604e-06 -7.196780603365485727e-06 -2.489328182866216113e-06 1.281922102623165827e-06 2.272728789927762384e-06 1.330142140572644200e-06 6.182267203008229417e-08 -5.862420770836122675e-07 -6.326352226835642288e-07 -4.328527267135924920e-07
3.356059646108898583e-04 1.421515494263150738e-03 4.183769488211204479e-03 9.865226318193221280e-03 1.973365484625047919e-02 3.451603788800091527e-02 5.375114188372585866e-02 7.536791331521110193e-02 9.579931511786722587e-02 1.107607193613493052e-01 1.165160037108606550e-01 1.111737316798771108e-01 9.546497987004534669e-02 7.263073026027090651e-02 4.742230779064679491e-02 2.460860238603369832e-02 7.589654095405813823e-03 -2.362839260642938914e-03 -6.028676353061281773e-03 -5.490047246581291479e-03 -3.124023442405705897e-03 -7.753706767351325026e-04 6.252545432124796644e-04 9.843062823281442664e-04 6.904527388351169295e-04 2.227273860574565485e-04 -1.033907204175925088e-04 -2.008881844696586291e-04 -1.402263083108125851e-04 -3.640008359089129956e-05 3.198464380913249494e-05 4.581475136547093186e-05 2.590758960706252885e-05 1.394550059834034544e-06 -1.094471269453703339e-05 -1.012125429418260293e-05 -3.518224839995519985e-06 1.788228082365443997e-06 3.192610991433691345e-06 1.874871647724658496e-06 9.213046426877164808e-08 -8.226035928880763267e-07 -8.912666493773559111e-07 -6.111885522222492136e-07
4.260174788451760730e-04 1.804791002906284839e-03 5.312777993618819465e-03 1.252970669627975070e-02 2.506819205040838883e-02 4.385511138218067123e-02 6.830830759319890533e-02 9.579931511786722587e-02 1.217959925874742694e-01 1.408501017890924911e-01 1.482061372828041013e-01 1.414503681982070549e-01 1.215026636875155691e-01 9.247689417838617087e-02 6.041271297857485345e-02 3.137806677033481983e-02 9.704537423767990376e-03 -2.981690578822205392e-03 -7.665400111703870277e-03 -6.991679919168052211e-03 -3.984696786534887812e-03 -9.941950857696034601e-04 7.921787733784486744e-04 1.252608433257874996e-03 8.803809077866573112e-04 2.851816894472448114e-04 -1.306857953848590635e-04 -2.556317979666883648e-04 -1.788684185410067257e-04 -4.672619461493607063e-05 4.053000954888032919e-05 5.834062758193097654e-05 3.308815939039339314e-05 1.862938087549110893e-06 -1.390759411187864334e-05 -1.290534978011550361e-05 -4.509211384060575310e-06 2.260551776375849257e-06 4.065909926517801524e-06 2.396242560251264109e-06 1.244182363795000941e-07 -1.046384034644395931e-06 -1.138511653277976106e-06 -7.825801986054939723e-07
4.918528219638266261e-04 2.084093834608668171e-03 6.136146435115736285e-03 1.447438311344198189e-02 2.896470392013263812e-02 5.068220728182206564e-02 7.895887992913544484e-02 1.107607193613493052e-01 1.408501017890924911e-01 1.629253432756770925e-01 1.714801772377795852e-01 1.637121533984853272e-01 1.406732225088473676e-01 1.071126921147450423e-01 7.001380163032439041e-02 3.639985740455430052e-02 1.129102797974130927e-02 -3.420521964649392635e-03 -8.865459215919444663e-03 -8.100028745213004588e-03 -4.624007092813407424e-03 -1.160122617881827493e-03 9.127030088527938838e-04 1.450033170069634034e-03 1.021268356858082670e-03 3.322826761512630593e-04 -1.501870273197377574e-04 -2.959036643163581379e-04 -2.075775119804110236e-04 -5.459002932032933785e-05 4.670401807345892691e-05 6.758206026696224225e-05 3.844972374526438666e-05 2.265639269779345273e-06 -1.607424486372381251e-05 -1.497049228783822776e-05 -5.259425232935459840e-06 2.598139464528530941e-06 4.710487867255333186e-06 2.786653727714030883e-06 1.528983111039823075e-07 -1.210746042615556261e-06 -1.323264277927396689e-06 -9.118429523842197093e-07
5.166160614596173586e-04 2.189472637075281884e-03 6.447757082604629875e-03 1.521266306015690156e-02 3.044867966178901181e-02 5.329071788147903693e-02 8.304182341395993650e-02 1.165160037108606550e-01 1.482061372828041013e-01 1.714801772377795852e-01 1.805365482829587864e-01 1.724137763907354071e-01 1.482052592835693128e-01 1.128990317816555150e-01 7.384156474457023722e-02 3.842987255793487572e-02 1.195878113867697434e-02 -3.567513691925747188e-03 -9.329382572907881505e-03 -8.539644809707015727e-03 -4.883695222863335822e-03 -1.232596938870904931e-03 9.564598983083138009e-04 1.527420952726592750e-03 1.078208762585610965e-03 3.524793389429185428e-04 -1.569479853319470566e-04 -3.116740692377762767e-04 -2.192473387444141073e-04 -5.807460535885106628e-05 4.895154696521703490e-05 7.124157479728393885e-05 4.066925250270829684e-05 2.511397710787970776e-06 -1.690301507299058579e-05 -1.580498109559985180e-05 -5.585314671793435330e-06 2.715371288196334940e-06 4.966134240437345440e-06 2.949935740836350554e-06 1.712140673267463660e-07 -1.274711135805465121e-06 -1.399955004141421024e-06 -9.672763949739554993e-07
4.920887530282674633e-04 2.086001035755616871e-03 6.144470117687198495e-03 1.450051690437552387e-02 2.903028774939107187e-02 5.082084044707963627e-02 7.921329147062669551e-02 1.111737316798771108e-01 1.414503681982070549e-01 1.637121533984853272e-01 1.724137763907354071e-01 1.647153358699148806e-01 1.416460743573550174e-01 1.079567624181818203e-01 7.065740380812858545e-02 3.681513796405104511e-02 1.149665659565841935e-02 -3.371182592311833606e-03 -8.905011993273535473e-03 -8.167951829776197090e-03 -4.680399705565572999e-03 -1.189051784764128027e-03 9.086869073931141180e-04 1.459542735135682017e-03 1.032883668718582743e-03 3.394348560876816502e-04 -1.486382943615116288e-04 -2.977992748228853277e-04 -2.101327246031184197e-04 -5.610132638317643006e-05 4.651514743257446080e-05 6.813132856853982308e-05 3.903995386018855175e-05 2.532664445384923111e-06 -1.612074927724738572e-05 -1.514030789851983531e-05 -5.385178377695859099e-06 2.571860807016598581e-06 4.749920352785164991e-06 2.834316702788081081e-06 1.744182563604398849e-07 -1.217356334386881643e-06 -1.344189625893044979e-06 -9.314880754594087968e-07
4.217263383579391406e-04 1.788201860115402626e-03 5.268690592330243366e-03 1.243712287343681430e-02 2.490625640890917897e-02 4.361368671432937216e-02 6.799968434314448973e-02 9.546497987004534669e-02 1.215026636875155691e-01 1.406732225088473676e-01 1.482052592835693128e-01 1.416460743573550174e-01 1.218655775996618090e-01 9.293475506758616667e-02 6.087344239859732858e-02 3.175937132629413906e-02 9.957808457559049961e-03 -2.862219457374241827e-03 -7.650012816675184381e-03 -7.033482569523514909e-03 -4.039523758215136234e-03 -1.033929082688009055e-03 7.763775381589633259e-04 1.255432791528075624e-03 8.910133472876996443e-04 2.945696280139500933e-04 -1.265247501363344338e-04 -2.561287295177604346e-04 -1.813709328241142104e-04 -4.885960425471024064e-05 3.975049918205443350e-05 5.865851557877165169e-05 3.375720328274820110e-05 2.310605387592400137e-06 -1.383529062448048896e-05 -1.306038083473942426e-05 -4.679858858790622583e-06 2.189454704312055804e-06 4.090077113326725500e-06 2.453317885710685476e-06 1.607826637331866763e-07 -1.046398438766260201e-06 -1.162611939294538871e-06 -8.083733142093013476e-07
3.200813382110734057e-04 1.357646704948873911e-03 4.001431032752218210e-03 9.448814871992106817e-03 1.892838975745051236e-02 3.315733901264109745e-02 5.171545346938500459e-02 7.263073026027090651e-02 9.247689417838617087e-02 1.071126921147450423e-01 1.128990317816555150e-01 1.079567624181818203e-01 9.293475506758616667e-02 7.092230932737850213e-02 4.649966757740436885e-02 2.429935984294466500e-02 7.656029886130077261e-03 -2.147045805113755815e-03 -5.823177728925982635e-03 -5.369453076270764603e-03 -3.092409232506161849e-03 -7.986762841559174458e-04 5.869997976148542051e-04 9.571120773391230416e-04 6.816926611656838522e-04 2.270063484628653892e-04 -9.521807573028724376e-05 -1.952424613177789923e-04 -1.388559897038007228e-04 -3.781389879995894395e-05 3.006165850485674834e-05 4.477095823925685030e-05 2.590085383549411158e-05 1.885149457193285618e-06 -1.051852451941024417e-05 -9.991773609654111107e-06 -3.612472629442600823e-06 1.647878995779742602e-06 3.122258983986104029e-06 1.884705381913344477e-06 1.326430551749812239e-07 -7.970655514504322535e-07 -8.923244453411070134e-07 -6.229655555872487845e-07
2.083033967703647876e-04 8.839232414047237937e-04 2.606377498569689439e-03 6.157390183622193404e-03 1.234054714272345317e-02 2.162753417772886669e-02 3.374899817773060334e-02 4.742230779064679491e-02 6.041271297857485345e-02 7.001380163032439041e-02 7.384156474457023722e-02 7.065740380812858545e-02 6.087344239859732858e-02 4.649966757740436885e-02 3.052686065942589178e-02 1.598727738779116836e-02 5.070191873266723624e-03 -1.374527832053816425e-03 -3.804657319307124062e-03 -3.522114491316459105e-03 -2.036119586902143067e-03 -5.322307857396243709e-04 3.799689152132727939e-04 6.266584090618275860e-04 4.484756655712055624e-04 1.508004606004149928e-04 -6.123507856102397074e-05 -1.278106455264695833e-04 -9.143408695417467431e-05 -2.526180414598730775e-05 1.946528601004392001e-05 2.935855391579066906e-05 1.710551264161106266e-05 1.344606836734391996e-06 -6.860731299981620923e-06 -6.573006886555399709e-06 -2.405061713569528845e-06 1.059879305884805752e-06 2.047866431902604030e-06 1.246782877131328970e-06 9.583553895036684115e-08 -5.212469864714964011e-07 -5.895641213697881281e-07 -4.138365984906047118e-07
1.074933752684845362e-04 4.564844081602548913e-04 1.347034175060530733e-03 3.184732621869909314e-03 6.387815187113200614e-03 1.120405076900560931e-02 1.749806398524107395e-02 2.460860238603369832e-02 3.137806677033481983e-02 3.639985740455430052e-02 3.842987255793487572e-02 3.681513796405104511e-02 3.175937132629413906e-02 2.429935984294466500e-02 1.598727738779116836e-02 8.403267943280275792e-03 2.693943022832489230e-03 -6.891405661714211390e-04 -1.976521292613665250e-03 -1.841996243900329445e-03 -1.071560124454878091e-03 -2.856681014055846568e-04 1.942550463517148140e-04 3.267048705475081392e-04 2.356981755634574135e-04 8.052974266545451199e-05 -3.094876507874343044e-05 -6.661317368314134929e-05 -4.812574436362650703e-05 -1.361344729816041472e-05 9.956577077545513207e-06 1.534549651688369543e-05 9.047367027613594808e-06 7.981920583426842552e-07 -3.553662274581256147e-06 -3.454023328245151462e-06 -1.288932874635518958e-06 5.357533429186828981e-07 1.070781205902394055e-06 6.612557539628106310e-07 5.788517520735014969e-08 -2.711896725376549670e-07 -3.120475511634191272e-07 -2.209930662117425140e-07
3.258142311221477142e-05 1.386884912925759143e-04 4.102310219372624412e-04 9.722352688890035155e-04 1.954865839967618972e-03 3.437394010370661661e-03 5.382258445262793657e-03 7.589654095405813823e-03 9.704537423767990376e-03 1.129102797974130927e-02 1.195878113867697434e-02 1.149665659565841935e-02 9.957808457559049961e-03 7.656029886130077261e-03 5.070191873266723624e-03 2.693943022832489230e-03 8.909631264883399173e-04 -1.894255213174474183e-04 -6.116236432896363442e-04 -5.817080979745056866e-04 -3.447725388395504785e-04 -9.716830014990703317e-05 5.710753250074987545e-05 1.021980920247073527e-04 7.552858725030522729e-05 2.701172311075149976e-05 -8.750914627642987107e-06 -2.081777933919738460e-05 -1.548970709715741760e-05 -4.681007864313133992e-06 2.931791955309195158e-06 4.837787745186335803e-06 2.953481523484949834e-06 3.423573435469059334e-07 -1.089488504101327716e-06 -1.106352656177650023e-06 -4.366140854401034817e-07 1.515423816020713104e-07 3.379182195049437584e-07 2.175656890869042446e-07 2.566361050754021844e-08 -8.428960113944727655e-08 -1.020695810382388282e-07 -7.412304776692376716e-08
-1.097701337836717368e-05 -4.623972950774955305e-05 -1.353270324927391313e-04 -3.172561616482516143e-04 -6.308358804881477244e-04 -1.096574992214780506e-03 -1.696658433481391167e-03 -2.362839260642938914e-03 -2.981690578822205392e-03 -3.420521964649392635e-03 -3.567513691925747188e-03 -3.371182592311833606e-03 -2.862219457374241827e-03 -2.147045805113755815e-03 -1.374527832053816425e-03 -6.891405661714211390e-04 -1.894255213174474183e-04 9.282978257478032979e-05 1.874779385535369934e-04 1.612183384819099272e-04 8.644364646853778525e-05 1.698628258038605837e-05 -2.189033186955271500e-05 -2.972207446273571874e-05 -1.936883353427470194e-05 -5.226623799987264019e-06 3.888637285116622001e-06 6.083399763133114774e-06 3.876584365250902389e-06 7.512515566939193940e-07 -1.116736958442882250e-06 -1.352997448694740512e-06 -6.809305236093788896e-07 3.428422622117750496e-08 3.489073340130164970e-07 2.844281697274162665e-07 7.872839353841246768e-08 -6.726968285346587535e-08 -9.401959358661997009e-08 -4.780813127031677345e-08 3.452303989002157914e-09 2.530403746253276797e-08 2.325337985743706441e-08 1.434869357767538283e-08
-2.678999637247134262e-05 -1.135063125696933342e-04 -3.341653804537768097e-04 -7.881816309082094593e-04 -1.577077634099848880e-03 -2.759269316145846005e-03 -4.298238507475527978e-03 -6.028676353061281773e-03 -7.665400111703870277e-03 -8.865459215919444663e-03 -9.329382572907881505e-03 -8.905011993273535473e-03 -7.650012816675184381e-03 -5.823177728925982635e-03 -3.804657319307124062e-03 -1.976521292613665250e-03 -6.116236432896363442e-04 1.874779385535369934e-04 4.826486381660815748e-04 4.403642493587465426e-04 2.510440711484428948e-04 6.268982344450048871e-05 -4.985957764876477728e-05 -7.889544732449997426e-05 -5.546830142316396721e-05 -1.797871636456310410e-05 8.224500433419847944e-06 1.610297376596401438e-05 1.127121347528313647e-05 2.946728933532558748e-06 -2.552086477513662441e-06 -3.675808644468498624e-06 -2.085478303401412245e-06 -1.179564740373241625e-07 8.761495543003935021e-07 8.133078647247699375e-07 2.843161025876529191e-07 -1.423589229830523759e-07 -2.562272987993545788e-07 -1.510549151574462272e-07 -7.876438074439220300e-09 6.593826812378344670e-08 7.176822508308775813e-08 4.934322242674118611e-08
-2.416150581628129346e-05 -1.025020414553660518e-04 -3.021644876496333500e-04 -7.136549581345783856e-04 -1.429908788611871035e-03 -2.505297597497940093e-03 -3.908289852315672587e-03 -5.490047246581291479e-03 -6.991679919168052211e-03 -8.100028745213004588e-03 -8.539644809707015727e-03 -8.167951829776197090e-03 -7.033482569523514909e-03 -5.369453076270764603e-03 -3.522114491316459105e-03 -1.841996243900329445e-03 -5.817080979745056866e-04 1.612183384819099272e-04 4.403642493587465426e-04 4.066191821943700960e-04 2.344926595878390628e-04 6.081776594752134803e-05 -4.425156344387751303e-05 -7.243801831999325462e-05 -5.167919353360278333e-05 -1.726728275087542310e-05 7.162991235347289795e-06 1.477671163403240661e-05 1.053038513466334335e-05 2.881923076001410894e-06 -2.266906491811470895e-06 -3.390601145160077803e-06 -1.966270158302205349e-06 -1.469869964407658264e-07 7.951922976519835303e-07 7.575450844266056145e-07 2.749951398691415227e-07 -1.240074654743652372e-07 -2.364921179820323423e-07 -1.431643830917915943e-07 -1.038611821307779740e-08 6.031487995023682352e-08 6.775450553492096456e-08 4.738896462622674765e-08
-1.361817960069880728e-05 -5.784757563048759517e-05 -1.707499252713712279e-04 -4.038116608302939827e-04 -8.101846311688699160e-04 -1.421461055342897097e-03 -2.220656717072332174e-03 -3.124023442405705897e-03 -3.984696786534887812e-03 -4.624007092813407424e-03 -4.883695222863335822e-03 -4.680399705565572999e-03 -4.039523758215136234e-03 -3.092409232506161849e-03 -2.036119586902143067e-03 -1.071560124454878091e-03 -3.447725388395504785e-04 8.644364646853778525e-05 2.510440711484428948e-04 2.344926595878390628e-04 1.367038721653750591e-04 3.668259611858168103e-05 -2.453794774964809501e-05 -4.154795750262728923e-05 -3.005601270487402981e-05 -1.032364205967804726e-05 3.893965946686662755e-06 8.470809367039431985e-06 6.140178820057357606e-06 1.750371641868344448e-06 -1.258070692156764263e-06 -1.953358375894534658e-06 -1.156209400097182891e-06 -1.056728333626446485e-07 4.509823163282915634e-07 4.404642251872394801e-07 1.654309305049698667e-07 -6.742458382252225493e-08 -1.363246114743166293e-07 -8.458367140948396590e-08 -7.699500141497603818e-09 3.446882634464478230e-08 3.988864033642819726e-08 2.833157746879489379e-08
-3.270317147550728009e-06 -1.395461747036460558e-05 -4.137789485198413870e-05 -9.830647508271061553e-05 -1.981579806261625954e-04 -3.493223029337761006e-04 -5.483898946056367865e-04 -7.753706767351325026e-04 -9.941950857696034601e-04 -1.160122617881827493e-03 -1.232596938870904931e-03 -1.189051784764128027e-03 -1.033929082688009055e-03 -7.986762841559174458e-04 -5.322307857396243709e-04 -2.856681014055846568e-04 -9.716830014990703317e-05 1.698628258038605837e-05 6.268982344450048871e-05 6.081776594752134803e-05 3.668259611858168103e-05 1.085381287632242041e-05 -5.546947478610067704e-06 -1.058716731219991592e-05 -8.005826769901381633e-06 -2.981987687075567101e-06 8.126610312906334752e-07 2.154588266208937281e-06 1.648555807191249739e-06 5.275619758558405660e-07 -2.852656266250916553e-07 -5.049425063288434475e-07 -3.184063989633508603e-07 -4.481964927032903411e-08 1.106262484436921371e-07 1.172216480015578749e-07 4.860288939480016698e-08 -1.407823234524021335e-08 -3.530431706645012000e-08 -2.361959951427578291e-08 -3.421408008111378850e-09 8.676840700865230310e-09 1.102339318424615013e-08 8.182546890996852767e-09
2.837813620262124114e-06 1.199019884357294000e-05 3.519968556667350535e-05 8.278377345074901445e-05 1.651497077133601244e-04 2.880586270186253879e-04 4.472859537463417341e-04 6.252545432124796644e-04 7.921787733784486744e-04 9.127030088527938838e-04 9.564598983083138009e-04 9.086869073931141180e-04 7.763775381589633259e-04 5.869997976148542051e-04 3.799689152132727939e-04 1.942550463517148140e-04 5.710753250074987545e-05 -2.189033186955271500e-05 -4.985957764876477728e-05 -4.425156344387751303e-05 -2.453794774964809501e-05 -5.546947478610067704e-06 5.469755221781137814e-06 8.034576419751636098e-06 5.455986298046019299e-06 1.635653498057074293e-06 -9.374618152812175833e-07 -1.642181754514870051e-06 -1.101251865934363454e-06 -2.547663550039473427e-07 2.795708189802548292e-07 3.703814946954962433e-07 1.991768801185765911e-07 2.058112830347987886e-09 -9.162848216082465655e-08 -8.006666869928943547e-08 -2.537053505546574233e-08 1.622769907530435721e-08 2.578396732500870961e-08 1.423623299698589683e-08 -1.030870658370875625e-11 -6.775872974726133950e-09 -6.832164070485692585e-09 -4.490055047275762726e-09
4.351176371529573357e-06 1.844842580076872882e-05 5.435131105460757641e-05 1.282889784719635844e-04 2.568841025787276054e-04 4.497879599338714274e-04 7.012043515214252259e-04 9.843062823281442664e-04 1.252608433257874996e-03 1.450033170069634034e-03 1.527420952726592750e-03 1.459542735135682017e-03 1.255432791528075624e-03 9.571120773391230416e-04 6.266584090618275860e-04 3.267048705475081392e-04 1.021980920247073527e-04 -2.972207446273571874e-05 -7.889544732449997426e-05 -7.243801831999325462e-05 -4.154795750262728923e-05 -1.058716731219991592e-05 8.034576419751636098e-06 1.294002195778115042e-05 9.168000648447513718e-06 3.019945370286600082e-06 -1.312681262916731422e-06 -2.640484966753615224e-06 -1.865733957273181703e-06 -4.998128211116044154e-07 4.114942456498058062e-07 6.044059999384651136e-07 3.468883539348098722e-07 2.295553896042791029e-08 -1.428587602180865244e-07 -1.344201753145070736e-07 -4.793830216290252703e-08 2.272910557770312671e-08 4.214746241085576812e-08 2.519593758987227129e-08 1.585498789903717978e-09 -1.079586792620757040e-08 -1.194639019916769604e-08 -8.288635198847891417e-09
3.015875755646352668e-06 1.280745690760898646e-05 3.779373703241526469e-05 8.935472063677248988e-05 1.792252381192618903e-04 3.143569965212417833e-04 4.909510152700770824e-04 6.904527388351169295e-04 8.803809077866573112e-04 1.021268356858082670e-03 1.078208762585610965e-03 1.032883668718582743e-03 8.910133472876996443e-04 6.816926611656838522e-04 4.484756655712055624e-04 2.356981755634574135e-04 7.552858725030522729e-05 -1.936883353427470194e-05 -5.546830142316396721e-05 -5.167919353360278333e-05 -3.005601270487402981e-05 -8.005826769901381633e-06 5.455986298046019299e-06 9.168000648447513718e-06 6.611813063358865424e-06 2.257368611276763291e-06 -8.698487285908140190e-07 -1.869464784673645940e-06 -1.349996229380528464e-06 -3.814413540452285893e-07 2.797085005627400693e-07 4.306306737812981000e-07 2.537402677148038615e-07 2.226024227051869232e-08 -9.977665235833472302e-08 -9.690649070745818159e-08 -3.612516401556296008e-08 1.506365234804971916e-08 3.005116347104693791e-08 1.854370151129575639e-08 1.612440420605453687e-09 -7.613167848771883106e-09 -8.751885047856699068e-09 -6.195263062253612582e-09
9.478997792959679265e-07 4.039707067418528252e-06 1.196348775048421118e-05 2.838737149761761210e-05 5.714814372069449360e-05 1.006133100932169941e-04 1.577410247400723832e-04 2.227273860574565485e-04 2.851816894472448114e-04 3.322826761512630593e-04 3.524793389429185428e-04 3.394348560876816502e-04 2.945696280139500933e-04 2.270063484628653892e-04 1.508004606004149928e-04 8.052974266545451199e-05 2.701172311075149976e-05 -5.226623799987264019e-06 -1.797871636456310410e-05 -1.726728275087542310e-05 -1.032364205967804726e-05 -2.981987687075567101e-06 1.635653498057074293e-06 3.019945370286600082e-06 2.257368611276763291e-06 8.240095387005816353e-07 -2.454042023819739114e-07 -6.148900002939352250e-07 -4.638952024172169613e-07 -1.443139631451623649e-07 8.404570738153879749e-08 1.434907589039398432e-07 8.902504288769010348e-08 1.143005730259872902e-08 -3.188145672531370973e-08 -3.306046653495864227e-08 -1.337583183992751628e-08 4.250865947745646394e-09 1.002783629916748370e-08 6.581127181940140391e-09 8.654349854063233752e-10 -2.483182864190896121e-09 -3.079424637512712661e-09 -2.261176792533393461e-09
-4.756799100457194764e-07 -2.006299143103774798e-06 -5.879316887283062037e-06 -1.380158337204392496e-05 -2.748080778960862170e-05 -4.783737303720532241e-05 -7.412520934165747928e-05 -1.033907204175925088e-04 -1.306857953848590635e-04 -1.501870273197377574e-04 -1.569479853319470566e-04 -1.486382943615116288e-04 -1.265247501363344338e-04 -9.521807573028724376e-05 -6.123507856102397074e-05 -3.094876507874343044e-05 -8.750914627642987107e-06 3.888637285116622001e-06 8.224500433419847944e-06 7.162991235347289795e-06 3.893965946686662755e-06 8.126610312906334752e-07 -9.374618152812175833e-07 -1.312681262916731422e-06 -8.698487285908140190e-07 -2.454042023819739114e-07 1.643384371691935831e-07 2.685668048344371727e-07 1.747212711341299671e-07 3.655612377448014436e-08 -4.788083035319759413e-08 -6.007576354048850952e-08 -3.106712134763527029e-08 7.778598486588542230e-10 1.524113384621724129e-08 1.277419456543971069e-08 3.744406924524615734e-09 -2.845430286077940099e-09 -4.178603388385975441e-09 -2.197877179107857703e-09 9.267934132130114268e-11 1.114061928971771374e-09 1.063070782158825274e-09 6.738216762074484359e-10
-8.883037457046200929e-07 -3.766158225685316162e-06 -1.109514242225667281e-05 -2.618755115671623587e-05 -5.243537949090326937e-05 -9.180693091538401232e-05 -1.431170307266301216e-04 -2.008881844696586291e-04 -2.556317979666883648e-04 -2.959036643163581379e-04 -3.116740692377762767e-04 -2.977992748228853277e-04 -2.561287295177604346e-04 -1.952424613177789923e-04 -1.278106455264695833e-04 -6.661317368314134929e-05 -2.081777933919738460e-05 6.083399763133114774e-06 1.610297376596401438e-05 1.477671163403240661e-05 8.470809367039431985e-06 2.154588266208937281e-06 -1.642181754514870051e-06 -2.640484966753615224e-06 -1.869464784673645940e-06 -6.148900002939352250e-07 2.685668048344371727e-07 5.388442691049128661e-07 3.804050080575228544e-07 1.016754546679094553e-07 -8.411330833179601297e-08 -1.233142965768172643e-07 -7.069659388526012020e-08 -4.613295987830375467e-09 2.917162599803999685e-08 2.741254287500387598e-08 9.757383152809854618e-09 -4.651200759950880258e-09 -8.599417428520072962e-09 -5.133783264925806857e-09 -3.176374464029824778e-10 2.203755507123447474e-09 2.434637443399878531e-09 1.687730273555864460e-09
-6.110365285197547715e-07 -2.595722753769283197e-06 -7.662283019450783118e-06 -1.812176979702594663e-05 -3.636046828279193533e-05 -6.379752793137885591e-05 -9.967208091107935403e-05 -1.402263083108125851e-04 -1.788684185410067257e-04 -2.075775119804110236e-04 -2.192473387444141073e-04 -2.101327246031184197e-04 -1.813709328241142104e-04 -1.388559897038007228e-04 -9.143408695417467431e-05 -4.812574436362650703e-05 -1.548970709715741760e-05 3.876584365250902389e-06 1.127121347528313647e-05 1.053038513466334335e-05 6.140178820057357606e-06 1.648555807191249739e-06 -1.101251865934363454e-06 -1.865733957273181703e-06 -1.349996229380528464e-06 -4.638952024172169613e-07 1.747212711341299671e-07 3.804050080575228544e-07 2.758139027461426933e-07 7.867112861677944620e-08 -5.647316080139708538e-08 -8.773184412392831611e-08 -5.194410438579077613e-08 -4.758756987589607531e-09 2.025168130269146136e-08 1.978598295816194296e-08 7.434438974326763807e-09 -3.026256482986169456e-09 -6.123332427509262455e-09 -3.800404324731548004e-09 -3.467485146563668594e-10 1.548119228974710983e-09 1.792168872166549348e-09 1.273167002830972225e-09
-1.524078953042084025e-07 -6.509937888517063567e-07 -1.932277570088602890e-06 -4.595448595835399232e-06 -9.272702438506174097e-06 -1.636351433441375592e-05 -2.571606874571002427e-05 -3.640008359089129956e-05 -4.672619461493607063e-05 -5.459002932032933785e-05 -5.807460535885106628e-05 -5.610132638317643006e-05 -4.885960425471024064e-05 -3.781389879995894395e-05 -2.526180414598730775e-05 -1.361344729816041472e-05 -4.681007864313133992e-06 7.512515566939193940e-07 2.946728933532558748e-06 2.881923076001410894e-06 1.750371641868344448e-06 5.275619758558405660e-07 -2.547663550039473427e-07 -4.998128211116044154e-07 -3.814413540452285893e-07 -1.443139631451623649e-07 3.655612377448014436e-08 1.016754546679094553e-07 7.867112861677944620e-08 2.572677505073394539e-08 -1.311096637629021600e-08 -2.390973933908852073e-08 -1.527097964522410650e-08 -2.296214928997129238e-09 5.179094786085003158e-09 5.583965959414470584e-09 2.359438255372773962e-09 -6.332902424120575557e-10 -1.672317734104571210e-09 -1.135850870187034749e-09 -1.762405390347806809e-10 4.085299762161592732e-10 5.290456928601650267e-10 3.959874855097094267e-10
1.450130960646643816e-07 6.127957112954819254e-07 1.799258996179464672e-06 4.232193000248681168e-06 8.444295130513270308e-06 1.473099546245028856e-05 2.287719020120064647e-05 3.198464380913249494e-05 4.053000954888032919e-05 4.670401807345892691e-05 4.895154696521703490e-05 4.651514743257446080e-05 3.975049918205443350e-05 3.006165850485674834e-05 1.946528601004392001e-05 9.956577077545513207e-06 2.931791955309195158e-06 -1.116736958442882250e-06 -2.552086477513662441e-06 -2.266906491811470895e-06 -1.258070692156764263e-06 -2.852656266250916553e-07 2.795708189802548292e-07 4.114942456498058062e-07 2.797085005627400693e-07 8.404570738153879749e-08 -4.788083035319759413e-08 -8.411330833179601297e-08 -5.647316080139708538e-08 -1.311096637629021600e-08 1.429568499616684829e-08 1.897944435066696163e-08 1.022109783639257280e-08 1.182637573475442040e-10 -4.691399375714328319e-09 -4.105733859022927516e-09 -1.304410068464827589e-09 8.293188390727056028e-10 1.321543205104008322e-09 7.308884744378358298e-10 4.666381895348481335e-13 -3.471353072009674732e-10 -3.506807356023739008e-10 -2.307505446365531006e-10
2.017184647347410970e-07 8.557234443351174036e-07 2.522445002527945644e-06 5.957196061096109770e-06 1.193534601995947918e-05 2.091012152849077013e-05 3.261757615700595111e-05 4.581475136547093186e-05 5.834062758193097654e-05 6.758206026696224225e-05 7.124157479728393885e-05 6.813132856853982308e-05 5.865851557877165169e-05 4.477095823925685030e-05 2.935855391579066906e-05 1.534549651688369543e-05 4.837787745186335803e-06 -1.352997448694740512e-06 -3.675808644468498624e-06 -3.390601145160077803e-06 -1.953358375894534658e-06 -5.049425063288434475e-07 3.703814946954962433e-07 6.044059999384651136e-07 4.306306737812981000e-07 1.434907589039398432e-07 -6.007576354048850952e-08 -1.233142965768172643e-07 -8.773184412392831611e-08 -2.390973933908852073e-08 1.897944435066696163e-08 2.828423458443138126e-08 1.636861223803937748e-08 1.195295905408884326e-09 -6.644507629873333658e-09 -6.314016735801724245e-09 -2.283805551869618047e-09 1.040642133246051745e-09 1.973010062487524682e-09 1.191304801479799327e-09 8.405389283767750318e-11 -5.036700174010005471e-10 -5.640268451514840388e-10 -3.938532200562644244e-10
1.120240003019872282e-07 4.763836641912916293e-07 1.407718892577226920e-06 3.332911637036782896e-06 6.694627410366883363e-06 1.175940694922304677e-05 1.839305436273213840e-05 2.590758960706252885e-05 3.308815939039339314e-05 3.844972374526438666e-05 4.066925250270829684e-05 3.903995386018855175e-05 3.375720328274820110e-05 2.590085383549411158e-05 1.710551264161106266e-05 9.047367027613594808e-06 2.953481523484949834e-06 -6.809305236093788896e-07 -2.085478303401412245e-06 -1.966270158302205349e-06 -1.156209400097182891e-06 -3.184063989633508603e-07 1.991768801185765911e-07 3.468883539348098722e-07 2.537402677148038615e-07 8.902504288769010348e-08 -3.106712134763527029e-08 -7.069659388526012020e-08 -5.194410438579077613e-08 -1.527097964522410650e-08 1.022109783639257280e-08 1.636861223803937748e-08 9.845678648466026895e-09 1.026059407013268077e-09 -3.731488445510079172e-09 -3.718139876889003523e-09 -1.433189776278548279e-09 5.381760253121616999e-10 1.142983167549651944e-09 7.229217035339041179e-10 7.599236875634452026e-11 -2.870025870203413195e-10 -3.400009338228384873e-10 -2.443248159297177501e-10
4.311670816461349250e-09 1.932671112816584116e-08 6.006851845166883650e-08 1.493150081933397303e-07 3.144273667966367282e-07 5.783670838877029861e-07 9.465756379020559945e-07 1.394550059834034544e-06 1.862938087549110893e-06 2.265639269779345273e-06 2.511397710787970776e-06 2.532664445384923111e-06 2.310605387592400137e-06 1.885149457193285618e-06 1.344606836734391996e-06 7.981920583426842552e-07 3.423573435469059334e-07 3.428422622117750496e-08 -1.179564740373241625e-07 -1.469869964407658264e-07 -1.056728333626446485e-07 -4.481964927032903411e-08 2.058112830347987886e-09 2.295553896042791029e-08 2.226024227051869232e-08 1.143005730259872902e-08 7.778598486588542230e-10 -4.613295987830375467e-09 -4.758756987589607531e-09 -2.296214928997129238e-09 1.182637573475442040e-10 1.195295905408884326e-09 1.026059407013268077e-09 3.503007409568274819e-10 -1.787134609896123663e-10 -3.242837140045853744e-10 -1.964999190584392812e-10 -1.348198738494407219e-11 8.440862371017264089e-11 8.037033601568975783e-11 2.807937211865361200e-11 -1.726148748719587052e-11 -3.601651491607824882e-11 -3.134294814322274364e-11
-4.880495477393652962e-08 -2.066902264824256621e-07 -6.082246262877303441e-07 -1.433918607757341046e-06 -2.867733446367116862e-06 -5.014847374954890674e-06 -7.807653859649834604e-06 -1.094471269453703339e-05 -1.390759411187864334e-05 -1.607424486372381251e-05 -1.690301507299058579e-05 -1.612074927724738572e-05 -1.383529062448048896e-05 -1.051852451941024417e-05 -6.860731299981620923e-06 -3.553662274581256147e-06 -1.089488504101327716e-06 3.489073340130164970e-07 8.761495543003935021e-07 7.951922976519835303e-07 4.509823163282915634e-07 1.106262484436921371e-07 -9.162848216082465655e-08 -1.428587602180865244e-07 -9.977665235833472302e-08 -3.188145672531370973e-08 1.524113384621724129e-08 2.917162599803999685e-08 2.025168130269146136e-08 5.179094786085003158e-09 -4.691399375714328319e-09 -6.644507629873333658e-09 -3.731488445510079172e-09 -1.787134609896123663e-10 1.595718591861606025e-09 1.463753064595936893e-09 5.024686858014866844e-10 -2.640498182467108767e-10 -4.631672384654069002e-10 -2.696439055784196767e-10 -1.138985983771727951e-11 1.196990287430365618e-10 1.283577665868514018e-10 8.752162851051907983e-11
